-- Decompile failed: decompiler error
-- key 203: Unsupported bytecode version: 9
-- key 1: Unsupported bytecode version: 9

-- // Function Dumper made by King.Kevin
-- // Script Path: ReplicatedStorage.References.Utilities.Shared.LuaExtended

--[[
Function Dump: Deserialize

Function Upvalues: Deserialize

Function Constants: Deserialize
    1 [string] = type
    2 [userdata] = userdata: 0xfa1a348494871431
    3 [string] = table
    4 [string] = pairs
    5 [userdata] = userdata: 0x23d4de50f43c4301
    6 [string] = tonumber
    7 [userdata] = userdata: 0x214d883caf5cb2d1
    8 [string] = Deserialize

====================================================================================================

Function Dump: Serialize

Function Upvalues: Serialize

Function Constants: Serialize
    1 [string] = type
    2 [userdata] = userdata: 0xdef2c999227521a1
    3 [string] = table
    4 [string] = pairs
    5 [userdata] = userdata: 0x7f771f4ffa4af171
    6 [string] = tostring
    7 [userdata] = userdata: 0xddf0c5065f2f80c1
    8 [string] = Serialize

====================================================================================================

Function Dump: CloneTable

Function Upvalues: CloneTable
    1 [table]:
    1 [table] table: 0x1b26daf4fa8fa841
        1 [table]:
        Utilities [table] table: 0x86743432f7fa5231
            1 [table]:
            RadialProgressBar [table] table: 0x367b2a973e51a5a1
                1 [function] = Destroy
                2 [function] = Update
                3 [table] (Recursive table detected)
                4 [table] (Recursive table detected)
                5 [function] = New
            2 [table]:
            RBXExtended [table] table: 0x24e999eeb2b4e201
                1 [function] = RecursiveWaitForChild
                2 [function] = IsDescendantOfTag
                3 [function] = GetPointTerrain
                4 [function] = MixedToDictionary
                5 [function] = IsOnScreen
                6 [function] = WithinHitBox
                7 [table] (Recursive table detected)
                8 [function] = DictionaryToMixed
                9 [function] = PrintTable
                10 [function] = TableToVector3
                11 [function] = GetTouching
                12 [function] = RegionContainsMaterial
                13 [function] = GetPartCorners
            3 [table]:
            BuildPropertyPresets [table] table: 0x7381711584bf8721
                1 [table]:
                Water [table] table: 0xded407deceebd071
                    1 [table]:
                    SurfaceTypes [table] table: 0xf270469ddf725f61
                        1 [boolean] = true
                2 [table]:
                All [table] table: 0x47a4b6672b886c91
                    1 [table]:
                    SurfaceTypes [table] table: 0x4057c743b19aa201
                        1 [boolean] = true
                        2 [boolean] = true
                        3 [boolean] = true
                3 [table] (Recursive table detected)
                4 [table]:
                LandWater [table] table: 0xd5f3b590f1c05551
                    1 [table]:
                    SurfaceTypes [table] table: 0xac68f057fb57e841
                        1 [boolean] = true
                        2 [boolean] = true
            4 [table]:
            SetupRig [table] table: 0xdb296bc41f021db1
                1 [function] = UpdateExistingRig
                2 [table] (Recursive table detected)
                3 [function] = FromAppearanceData
                4 [table]:
                ApplyFunctions [table] table: 0x4013a259a130e021
                    1 [function] = Hairs
                    2 [function] = Clothing
                    3 [function] = Hats
                    4 [function] = Faces
                    5 [function] = Unknown Name
            5 [table]:
            Whitelist [table] table: 0x4b2d3d20ea70de11
                1 [string] = rbxassetid://5119076957
                2 [string] = rbxassetid://609348009
                3 [string] = rbxassetid://4140781707
                4 [string] = rbxassetid://4150518653
                5 [string] = rbxassetid://3583411622
                6 [string] = rbxassetid://2252494741
                7 [string] = rbxassetid://4152933972
                8 [string] = rbxassetid://4150518653
                9 [string] = rbxassetid://4150518832
                10 [string] = rbxassetid://4150520715
                11 [string] = rbxassetid://3227269897
                12 [string] = rbxassetid://3227270130
                13 [string] = rbxassetid://3227270326
                14 [string] = rbxassetid://3227270497
                15 [string] = rbxassetid://3227271978
                16 [string] = rbxassetid://3227272172
                17 [string] = rbxassetid://3227272773
                18 [string] = rbxassetid://3227273060
                19 [string] = rbxassetid://3227273217
                20 [string] = rbxassetid://3227273667
                21 [string] = rbxassetid://3227273922
                22 [string] = rbxassetid://3227274264
                23 [string] = rbxassetid://3227274630
                24 [string] = rbxassetid://3227274910
                25 [string] = rbxassetid://3227275086
                26 [string] = rbxassetid://3227275258
                27 [string] = rbxassetid://3227275387
                28 [string] = rbxassetid://3227275525
                29 [string] = rbxassetid://4150159559
                30 [string] = rbxassetid://4150349757
                31 [string] = rbxassetid://4150350619
                32 [string] = rbxassetid://4150350882
                33 [string] = rbxassetid://4150351266
                34 [string] = rbxassetid://4150150209
                35 [string] = rbxassetid://4150150532
                36 [string] = rbxassetid://4150150852
                37 [string] = rbxassetid://4150151224
                38 [string] = rbxassetid://4150159559
                39 [string] = rbxassetid://4150159938
                40 [string] = rbxassetid://4148624888
                41 [string] = rbxassetid://4148551373
                42 [string] = rbxassetid://4148551736
                43 [string] = rbxassetid://4153635125
                44 [string] = rbxassetid://4333755316
                45 [string] = rbxassetid://4449757281
                46 [table] (Recursive table detected)
            6 [function] = Unknown Name
            7 [table]:
            Draggable [table] table: 0x3c40b33d4e6500c1
                1 [function] = Destroy
                2 [table] (Recursive table detected)
                3 [Instance] = Draggables
                4 [function] = Drop
                5 [function] = Update
                6 [function] = Drag
                7 [table] (Recursive table detected)
                8 [function] = New
            8 [table]:
            MainMenuCameraCFrame [table] table: 0xd277834e13e8a5a1
                1 [CFrame] = 2890.38501, 60.498764, -6447.67676, 0.919204891, -0.123815931, 0.37380749, -0, 0.949280858, 0.314429462, -0.393779665, -0.289025098, 0.872583568
                2 [CFrame] = 1566.24695, -341.289825, -4705.86182, 0.999622881, -0.00446120324, -0.0271001384, -0, 0.986719728, -0.162432984, 0.0274648853, 0.162371725, 0.986347437
                3 [CFrame] = 473.215515, 11.929266, -3501.16382, -0.256001204, 0.208095819, 0.944012463, -0, 0.976554692, -0.215269357, -0.966676474, -0.055109214, -0.249999195
                4 [CFrame] = 4162.0957, 43.1053352, -6087.41211, -0.996813715, 0.0219945423, -0.0766730756, -1.86264537e-09, 0.961232126, 0.275740355, 0.0797654167, 0.274861753, -0.958169281
                5 [CFrame] = 5468.82178, -0.608586609, -4529.92578, 0.172907576, -0.0242842063, 0.984638751, -0, 0.999696195, 0.0246555656, -0.984938145, -0.00426313421, 0.172855005
                6 [CFrame] = 4191.04395, 6.55093479, -3841.71313, 0.845651805, 0.0401706249, 0.532221258, -0, 0.997163773, -0.0752632245, -0.533735096, 0.0636464804, 0.843253255
                7 [CFrame] = 4281.76855, 44.867466, -4085.02148, 0.844413757, 0.056983456, -0.53265208, -0, 0.994326174, 0.106373653, 0.53569144, -0.0898233727, 0.839622796
                8 [CFrame] = 1574.84167, -494.534027, -4600.42383, -0.0569623895, -0.106735878, -0.992654443, -0, 0.994268835, -0.106909461, 0.998376369, -0.0060898182, -0.0566359237
                9 [CFrame] = 1387.59949, -293.435974, -4929.04395, 0.106470622, -0.0211500879, -0.994090974, 2.32830644e-10, 0.99977386, -0.021270996, 0.994315863, 0.00226473599, 0.106446534
                10 [CFrame] = 1675.86218, -291.950531, -5623.50293, -0.776021659, -0.15263845, -0.61195749, 7.4505806e-09, 0.970273376, -0.24201192, 0.63070631, -0.187806487, -0.752953112
                11 [CFrame] = 942.896301, -472.048126, -5360.05762, -0.224935398, 0.0515045859, 0.973011553, 9.31322575e-10, 0.998602092, -0.0528591685, -0.974373758, -0.0118898973, -0.224620938
                12 [CFrame] = -1058.00464, 171.107315, -3560.53735, 0.571510792, 0.0921543166, -0.81540364, -0, 0.993674219, 0.112301879, 0.820594609, -0.0641817376, 0.567895472
                13 [CFrame] = -336.01239, 7.607831, -6956.09521, 0.999736667, -0.00335108605, -0.0227052867, -0, 0.989283383, -0.146008879, 0.022951249, 0.145970434, 0.989022732
                14 [CFrame] = -350.359772, -32.4222221, -7360.18994, 0.695605934, 0.106535129, -0.710480571, -0, 0.988943875, 0.148290142, 0.718423545, -0.1031515, 0.687915206
                15 [CFrame] = 1146.57239, 123.138519, -7320.05859, 0.949984133, 0.0805229321, 0.301738888, -7.4505806e-09, 0.966187835, -0.25783968, -0.312298417, 0.244943604, 0.917863011
                16 [CFrame] = 1280.38379, 130.313324, -7391.8584, 0.612037659, 0.259619802, -0.746999025, -1.49011594e-08, 0.944577575, 0.328288347, 0.790828586, -0.200924814, 0.578117073
                17 [CFrame] = 1439.50732, 123.612183, -7376.44629, 0.97408849, 0.0405386351, 0.222504735, -0, 0.98380512, -0.179241627, -0.22616753, 0.174597204, 0.958313107
                18 [CFrame] = 1476.05481, 122.795013, -7295.94141, -0.24865219, -0.210888118, -0.94535625, -0, 0.976009905, -0.21772629, 0.968592823, -0.0541381203, -0.242687002
                19 [CFrame] = 2792.36353, -36.8331566, -7394.43555, 0.984377086, 0.0290297084, -0.173663884, -0, 0.986314893, 0.164872676, 0.176073492, -0.162296891, 0.970905662
                20 [CFrame] = 5819.91748, 25.4470901, -3298.96631, 0.487677336, -0.139847666, 0.861750245, -0, 0.987086654, 0.160187662, -0.873023987, -0.0781198889, 0.481379747
                21 [CFrame] = 5651.06006, 43.8913116, -3069.33667, 0.727080882, -0.00172335992, 0.686549723, 1.16415308e-10, 0.99999696, 0.00251016696, -0.686551869, -0.00182509434, 0.727078617
                22 [CFrame] = 1557.47766, -198.410843, -4571, -0.793920815, -0.0223663803, 0.60760963, -0, 0.99932313, 0.0367855281, -0.6080212, 0.029204797, -0.79338342
                23 [CFrame] = 1473.92664, -349.656158, -4673.74951, -0.993997633, -0.10805919, -0.0170899648, -0, 0.156212196, -0.987723649, 0.109402254, -0.981794953, -0.155274525
                24 [CFrame] = 1493.31458, -497.512573, -4495.5127, 0.0718016848, -0.985142648, -0.156009167, -0, 0.156412885, -0.987691879, 0.997419, 0.0709179416, 0.0112307072
                25 [CFrame] = 1288.18799, 123.629784, -7137.854, 0.997681856, -0.00283113099, -0.0679926127, 2.32830644e-10, 0.999134302, -0.0416027494, 0.0680515319, 0.0415063091, 0.996818066
                26 [CFrame] = 1050.29614, -516.651367, -5006.44043, 0.231626123, -0.145828858, 0.961812496, -3.72529074e-09, 0.98870039, 0.149905547, -0.972804964, -0.0347220451, 0.229008794
                27 [table] (Recursive table detected)
            9 [table]:
            CustomEnum [table] table: 0x1670eed2283ff3e1
                1 [table] (Recursive table detected)
                2 [table] (Recursive table detected)
                3 [table] (Recursive table detected)
                4 [table]:
                MaterialColour [table] table: 0x19acace6343e8791
                    1 [Color3] = 0.564706, 0.443137, 0.309804
                    2 [Color3] = 0.521569, 0.435294, 0.937255
                    3 [Color3] = 0.792157, 0.796078, 0.819608
                    4 [Color3] = 0.639216, 0.556863, 0.556863
                    5 [Color3] = 0.105882, 0.164706, 0.207843
                    6 [Color3] = 0.188235, 0.188235, 0.188235
                    7 [Color3] = 1, 0.278431, 0.0156863
                    8 [Color3] = 0.458824, 0, 0
                    9 [Color3] = 0.937255, 0.721569, 0.219608
                    10 [Color3] = 0.141176, 0.392157, 0.176471
                    11 [Color3] = 0, 0.67451, 0.643137
                    12 [Color3] = 0.415686, 0.901961, 0.92549
                    13 [Color3] = 0, 1, 0.415686
                    14 [Color3] = 0.819608, 0.458824, 0.760784
                    15 [Color3] = 1, 0.788235, 0.792157
                    16 [Color3] = 1, 0.596078, 0.458824
                    17 [Color3] = 0.72549, 0.619608, 0.372549
                    18 [table] (Recursive table detected)
                    19 [Color3] = 0.862745, 0.376471, 0.0509804
                    20 [Color3] = 0, 0.4, 0.372549
                    21 [Color3] = 0.862745, 0.788235, 0.611765
                    22 [Color3] = 0.321569, 0.321569, 0.32549
                5 [table]:
                PropertyPresets [table] table: 0x3390208d719beba1
                    1 [table]:
                    Lucky [table] table: 0xb2633f31079ef3e1
                        1 [table]:
                        Secondary [table] table: 0x6c274124d57a57c1
                            1 [number] = 0.5
                        2 [table]:
                        Primary [table] table: 0x5505fe79a6edadd1
                            1 [number] = 0.5
                    2 [table]:
                    Pearl [table] table: 0xad377dc7fbc8d9b1
                        1 [table]:
                        Secondary [table] table: 0xf392f38c1d245191
                            1 [number] = 0.5
                        2 [table]:
                        Primary [table] table: 0x96d1baaae159dc21
                            1 [number] = 0.5
                    3 [table] (Recursive table detected)
                    4 [table]:
                    Slime [table] table: 0xc78cfa614a8ca511
                        1 [table]:
                        Secondary [table] table: 0xdecb70fbb1af81f1
                            1 [number] = 0.2
                        2 [table]:
                        Primary [table] table: 0xc079bdc624bd7f81
                            1 [number] = 0.2
                    5 [table]:
                    Seaglass [table] table: 0x9f8a338e8f362f01
                        1 [table]:
                        Secondary [table] table: 0x86cea5c44b123a61
                            1 [number] = 0.5
                            2 [number] = 0.25
                        2 [table]:
                        Primary [table] table: 0x807a78eb2101f571
                            1 [number] = 0.5
                            2 [number] = 0.25
                6 [table]:
                ItemList [table] table: 0x127b9142b4d73cb1
                    1 [table]:
                    StorageChests [table] table: 0xfd095da7c648f921
                        1 [string] = Wood Storage Chest
                        2 [string] = Stone Storage Chest
                        3 [string] = Silver Storage Chest
                        4 [string] = Gold Storage Chest
                        5 [string] = Ruby Storage Chest
                        6 [string] = Diamond Storage Chest
                        7 [string] = Zenyte Storage Chest
                        8 [string] = Obsidian Storage Chest
                    2 [table] (Recursive table detected)
                    3 [table]:
                    ProtectorSpellbook [table] table: 0x24cfdfbd926b6c01
                        1 [string] = Healia Spellbook
                        2 [string] = Deadia Protectia Spellbook
                        3 [string] = Baseio Destroyio Spellbook
                        4 [string] = Deflectio Projectio Spellbook
                        5 [string] = Protectio Claimio Spellbook
                    4 [table]:
                    WarriorSpellbook [table] table: 0x6ebd5c7efce2a671
                        1 [string] = Oofio Spellbook
                        2 [string] = Freezio Spellbook
                        3 [string] = Starvio Spellbook
                        4 [string] = Electricia Spellbook
                        5 [string] = Warrio Claimio Spellbook
                    5 [table]:
                    Spellbook [table] table: 0x5388993be9919161
                        1 [string] = Repairio Spellbook
                        2 [string] = Imbue Spellbook
                        3 [string] = Shieldio Spellbook
                        4 [string] = Hungaria Spellbook
                        5 [string] = Baseio Retreatio Spellbook
                        6 [string] = Healia Spellbook
                        7 [string] = Deadia Protectia Spellbook
                        8 [string] = Baseio Destroyio Spellbook
                        9 [string] = Oofio Spellbook
                        10 [string] = Freezio Spellbook
                        11 [string] = Starvio Spellbook
                        12 [string] = Electricia Spellbook
                        13 [string] = Portalio Spellbook
                        14 [string] = Protectio Claimio Spellbook
                        15 [string] = Warrio Claimio Spellbook
                        16 [string] = Deflectio Projectio Spellbook
                    6 [table]:
                    ExplorerSpellbook [table] table: 0x245d1ef8d9f94a91
                        1 [string] = Repairio Spellbook
                        2 [string] = Imbue Spellbook
                        3 [string] = Shieldio Spellbook
                        4 [string] = Hungaria Spellbook
                        5 [string] = Baseio Retreatio Spellbook
                        6 [string] = Portalio Spellbook
                7 [table]:
                MaterialPresets [table] table: 0x938dd7df23366bd1
                    1 [table]:
                    Wood [table] table: 0xff9e24d2bb0419c1
                        1 [EnumItem] = Enum.Material.Wood
                        2 [EnumItem] = Enum.Material.Wood
                    2 [table]:
                    Glass [table] table: 0x6d03d3ccfd5fed01
                        1 [EnumItem] = Enum.Material.Glass
                        2 [EnumItem] = Enum.Material.Glass
                    3 [table]:
                    Neon [table] table: 0xa4210aa9e3cec771
                        1 [EnumItem] = Enum.Material.Neon
                        2 [EnumItem] = Enum.Material.Neon
                    4 [table]:
                    Sand [table] table: 0xd394ccfa2794e541
                        1 [EnumItem] = Enum.Material.Sand
                        2 [EnumItem] = Enum.Material.Sand
                    5 [table]:
                    NeonGlass [table] table: 0x40744f7d508782a1
                        1 [EnumItem] = Enum.Material.Glass
                        2 [EnumItem] = Enum.Material.Neon
                    6 [table]:
                    WoodNeon [table] table: 0x36aab28b2c6f30c1
                        1 [EnumItem] = Enum.Material.Neon
                        2 [EnumItem] = Enum.Material.Wood
                    7 [table]:
                    StoneMetal [table] table: 0x139275969aff7eb1
                        1 [EnumItem] = Enum.Material.Metal
                        2 [EnumItem] = Enum.Material.Slate
                    8 [table]:
                    MetalNeon [table] table: 0xd51f62351eb358f1
                        1 [EnumItem] = Enum.Material.Neon
                        2 [EnumItem] = Enum.Material.Metal
                    9 [table] (Recursive table detected)
                    10 [table]:
                    GemStone [table] table: 0x1d39eba0c1ddc2d1
                        1 [EnumItem] = Enum.Material.Slate
                        2 [EnumItem] = Enum.Material.Foil
                    11 [table]:
                    MetalStone [table] table: 0xfc2f234da8434ce1
                        1 [EnumItem] = Enum.Material.Slate
                        2 [EnumItem] = Enum.Material.Metal
                    12 [table]:
                    Leather [table] table: 0xfeb781b7b6a3ba51
                        1 [EnumItem] = Enum.Material.Granite
                        2 [EnumItem] = Enum.Material.Granite
                    13 [table]:
                    GemNeon [table] table: 0x326da9f78da59e81
                        1 [EnumItem] = Enum.Material.Neon
                        2 [EnumItem] = Enum.Material.Foil
                    14 [table]:
                    Gem [table] table: 0x926aeb23ceee2391
                        1 [EnumItem] = Enum.Material.Foil
                        2 [EnumItem] = Enum.Material.Foil
                    15 [table]:
                    NeonGem [table] table: 0x4ef8ec3a7b969411
                        1 [EnumItem] = Enum.Material.Foil
                        2 [EnumItem] = Enum.Material.Neon
                    16 [table]:
                    GlassNeon [table] table: 0x47900e4145898f31
                        1 [EnumItem] = Enum.Material.Neon
                        2 [EnumItem] = Enum.Material.Glass
                    17 [table]:
                    Shell [table] table: 0xa4c54a7118b07861
                        1 [EnumItem] = Enum.Material.Marble
                        2 [EnumItem] = Enum.Material.Marble
                    18 [table]:
                    Stone [table] table: 0x806e61140d0a1fb1
                        1 [EnumItem] = Enum.Material.Slate
                        2 [EnumItem] = Enum.Material.Slate
                    19 [table]:
                    Metal [table] table: 0x86fdaa06df781221
                        1 [EnumItem] = Enum.Material.Metal
                        2 [EnumItem] = Enum.Material.Metal
                8 [table]:
                ColourPresets [table] table: 0x2e96d453e9be92f1
                    1 [table]:
                    Wood [table] table: 0x53870956968c62e1
                        1 [Color3] = 0.439216, 0.341176, 0.239216
                        2 [Color3] = 0.564706, 0.443137, 0.309804
                    2 [table]:
                    Lucky [table] table: 0xacccaf38992a0271
                        1 [Color3] = 0.419608, 0.352941, 0.760784
                        2 [Color3] = 0.521569, 0.435294, 0.937255
                    3 [table]:
                    Silver [table] table: 0x40408382a9e0fec1
                        1 [Color3] = 0.47451, 0.47451, 0.486275
                        2 [Color3] = 0.792157, 0.796078, 0.819608
                    4 [table]:
                    Pearl [table] table: 0x92160ba8f5caff11
                        1 [Color3] = 0.6, 0.619608, 0.647059
                        2 [Color3] = 0.639216, 0.556863, 0.556863
                    5 [table]:
                    Obsidian [table] table: 0x8045b2b6e6ee7431
                        1 [Color3] = 1, 0.278431, 0.0156863
                        2 [Color3] = 0.105882, 0.164706, 0.207843
                    6 [table]:
                    Volcanic [table] table: 0x938b293cb301e751
                        1 [Color3] = 0.188235, 0.054902, 0
                        2 [Color3] = 1, 0.278431, 0.0156863
                    7 [table]:
                    Pumpkin [table] table: 0x13813ce5c2031331
                        1 [Color3] = 0.670588, 0.313726, 0
                        2 [Color3] = 1, 0.466667, 0
                    8 [table]:
                    Ruby [table] table: 0xd21812484ac47521
                        1 [Color3] = 0.333333, 0, 0
                        2 [Color3] = 0.458824, 0, 0
                    9 [table]:
                    Gold [table] table: 0xb92bc8af537638b1
                        1 [Color3] = 0.690196, 0.521569, 0.156863
                        2 [Color3] = 0.937255, 0.721569, 0.219608
                    10 [table] (Recursive table detected)
                    11 [table]:
                    Starter [table] table: 0x1cd7396a12e13651
                        1 [Color3] = 0.403922, 0.52549, 0.364706
                        2 [Color3] = 0.321569, 0.321569, 0.32549
                    12 [table]:
                    Slime [table] table: 0xbfa2edf9c9702e41
                        1 [Color3] = 0.105882, 0.298039, 0.133333
                        2 [Color3] = 0.141176, 0.392157, 0.176471
                    13 [table]:
                    Seaglass [table] table: 0xadf5c0c1e0bba581
                        1 [Color3] = 0.941176, 0.92549, 0.298039
                        2 [Color3] = 0, 0.67451, 0.643137
                    14 [table]:
                    StoneWood [table] table: 0xf6a6fe00e8130141
                        1 [Color3] = 0.564706, 0.443137, 0.309804
                        2 [Color3] = 0.321569, 0.321569, 0.32549
                    15 [table]:
                    Diamond [table] table: 0xf5ec2d367d562e91
                        1 [Color3] = 0.341176, 0.752941, 0.760784
                        2 [Color3] = 0.415686, 0.901961, 0.92549
                    16 [table]:
                    Snow [table] table: 0x3c757c4c846cfc61
                        1 [Color3] = 0.760784, 0.760784, 0.760784
                        2 [Color3] = 1, 1, 1
                    17 [table]:
                    ExplorerMagic [table] table: 0xd38cf7dc18809dc1
                        1 [Color3] = 0.333333, 0, 1
                    18 [table]:
                    Soul [table] table: 0x76996e7e2d1c1d61
                        1 [Color3] = 0, 0.901961, 0.345098
                        2 [Color3] = 0, 1, 0.415686
                    19 [table]:
                    Candy [table] table: 0x89264b73f75c41a1
                        1 [Color3] = 0.596078, 0.329412, 0.556863
                        2 [Color3] = 0.819608, 0.458824, 0.760784
                    20 [table]:
                    Lunar [table] table: 0x720bfaaa50494901
                        1 [Color3] = 0.72549, 0.619608, 0.372549
                        2 [Color3] = 0, 0.4, 0.372549
                    21 [table]:
                    PinkShell [table] table: 0x64728a24caaa6bf1
                        1 [Color3] = 1, 0.788235, 0.792157
                    22 [table]:
                    Tardis [table] table: 0x4ed825844abacf91
                        1 [Color3] = 0.72549, 0.619608, 0.372549
                        2 [Color3] = 0.0941176, 0.145098, 0.239216
                    23 [table]:
                    OrangeShell [table] table: 0xbe993012af7787d1
                        1 [Color3] = 1, 0.596078, 0.458824
                    24 [table]:
                    Moonstone [table] table: 0x55f0b3d127df3b71
                        1 [Color3] = 0, 0.4, 0.372549
                        2 [Color3] = 0.72549, 0.619608, 0.372549
                    25 [table]:
                    WhiteShell [table] table: 0x64cb75173de489e1
                        1 [Color3] = 0.862745, 0.788235, 0.611765
                    26 [table]:
                    Zenyte [table] table: 0xac7fe8f50f381001
                        1 [Color3] = 0.580392, 0.239216, 0.027451
                        2 [Color3] = 0.862745, 0.376471, 0.0509804
                    27 [table]:
                    WarriorMagic [table] table: 0xc04c61a37babd621
                        1 [Color3] = 1, 0.337255, 0.117647
                    28 [table]:
                    ProtectorMagic [table] table: 0xc7bfa6d97192a3b1
                        1 [Color3] = 0.447059, 0.74902, 0.164706
                    29 [table]:
                    Stone [table] table: 0x47a542a80493b4d1
                        1 [Color3] = 0.254902, 0.254902, 0.258824
                        2 [Color3] = 0.321569, 0.321569, 0.32549
                9 [table]:
                SpellCategoryColour [table] table: 0xe4f19718c3af8481
                    1 [Color3] = 0.333333, 0, 1
                    2 [table] (Recursive table detected)
                    3 [Color3] = 0.447059, 0.74902, 0.164706
                    4 [Color3] = 1, 0.337255, 0.117647
                10 [table]:
                AnimationPreset [table] table: 0xbaf13d3623558cd1
                    1 [table]:
                    Crossbow [table] table: 0xe9d8bf4ff977b0b1
                        1 [string] = rbxassetid://4620890941
                        2 [string] = rbxassetid://4111421593
                    2 [table]:
                    MeleeHeavy [table] table: 0x720c71990d3bc801
                        1 [string] = rbxassetid://2254037963
                        2 [table]:
                        Action [table] table: 0x5f19bc53a30a4a71
                            1 [string] = rbxassetid://05013643220
                            2 [string] = rbxassetid://05013655953
                    3 [table]:
                    MeleeStandard [table] table: 0xa045ffe2efe47d21
                        1 [table]:
                        Action [table] table: 0xa9203e859d2ab691
                            1 [string] = rbxassetid://05004124901
                            2 [string] = rbxassetid://05004100528
                    4 [table]:
                    MagicOffhand [table] table: 0xcaed630167701641
                        1 [string] = rbxassetid://05122652588
                    5 [table]:
                    MagicWand [table] table: 0xc77f221954ee1f51
                        1 [string] = rbxassetid://05121781460
                        2 [string] = rbxassetid://05015148913
                        3 [string] = rbxassetid://05015104271
                        4 [string] = rbxassetid://05015132681
                    6 [table] (Recursive table detected)
                    7 [table]:
                    Bow [table] table: 0x96977e6cccc086c1
                        1 [string] = rbxassetid://05010067326
                        2 [string] = rbxassetid://05010439917
                    8 [table]:
                    MeleeTwoHanded [table] table: 0xc3ccf8dc491c5561
                        1 [string] = rbxassetid://4139548014
                        2 [string] = rbxassetid://2389988099
                11 [table]:
                RarityColour [table] table: 0xa4c50df42daaa021
                    1 [Color3] = 1, 0.462745, 0.0196078
                    2 [Color3] = 0.941176, 0.941176, 0.941176
                    3 [Color3] = 0.741176, 0.247059, 0.980392
                    4 [table] (Recursive table detected)
                    5 [Color3] = 0.227451, 0.47451, 0.0745098
                    6 [Color3] = 0.0705882, 0.345098, 0.635294
                12 [table]:
                InventoryOptions [table] table: 0x805a2937157c25f1
                    1 [table]:
                    EquipDrop [table] table: 0x86d26ef98bee6fe1
                        1 [string] = Equip
                        2 [string] = Drop
                    2 [table] (Recursive table detected)
            10 [table]:
            AutoCanvasSize [table] table: 0xdc3dad03c3b57d21
                1 [table] (Recursive table detected)
                2 [function] = Disconnect
                3 [function] = Connect
            11 [table]:
            Particle2D [table] table: 0x97363a583fa58b01
                1 [function] = Destroy
                2 [function] = GetProperties
                3 [function] = ReassignParticlesIndices
                4 [table] (Recursive table detected)
                5 [function] = Step
                6 [function] = Clear
                7 [function] = UpdateParticle
                8 [Instance] = Particle2D
                9 [function] = Emit
                10 [function] = RemoveParticle
                11 [function] = MakeParticleInstance
                12 [table] (Recursive table detected)
                13 [function] = New
            12 [table]:
            RGBSlider [table] table: 0x2052cfe939964a91
                1 [table] (Recursive table detected)
                2 [function] = SetRange
                3 [function] = SetKey
                4 [function] = Set
                5 [function] = UpdatePreview
                6 [function] = ValueChanged
                7 [table] (Recursive table detected)
                8 [function] = new
            13 [table]:
            Spring [table] table: 0xf56ce4b9fdee1961
                1 [function] = Clamp
                2 [function] = Update
                3 [function] = Shove
                4 [table] (Recursive table detected)
                5 [table] (Recursive table detected)
                6 [function] = New
            14 [function] = Unknown Name
            15 [table] (Recursive table detected)
            16 [table]:
            CameraShakePresets [table] table: 0xa3f453dd6becfcd1
                1 [table] (Recursive table detected)
            17 [table]:
            Leaf [table] table: 0xcafb54c4f4ca0e01
                1 [function] = Execute
                2 [table] (Recursive table detected)
                3 [table] (Recursive table detected)
                4 [function] = New
            18 [table]:
            Toggle [table] table: 0xffc30503fd57c7b1
                1 [number] = 0.5
                2 [Instance] = Toggle
                3 [table] (Recursive table detected)
                4 [function] = ProcessToggle
                5 [function] = ChangeColour
                6 [function] = Disconnect
                7 [function] = SetColour
                8 [function] = Toggle
                9 [table]:
                Images [table] table: 0xc46d45e6cbc64a21
                    1 [string] = rbxassetid://3152002430
                    2 [string] = rbxassetid://3152182756
                10 [table] (Recursive table detected)
                11 [function] = new
            19 [table]:
            SelectionBox2D [table] table: 0x23e82914a533ebb1
                1 [function] = SetTarget
                2 [function] = ToggleAutoStep
                3 [function] = SetColour
                4 [function] = Step
                5 [table] (Recursive table detected)
                6 [table] (Recursive table detected)
                7 [function] = New
            20 [table] (Recursive table detected)
            21 [table]:
            Vertices [table] table: 0x891ae725ebfbc141
                1 [function] = Cylinder
                2 [function] = CornerWedge
                3 [function] = Wedge
                4 [table] (Recursive table detected)
                5 [function] = Ball
                6 [function] = Block
                7 [function] = getCentroidFromSet
                8 [function] = classify
            22 [table]:
            NumberSlider [table] table: 0x5f3864789cee16f1
                1 [function] = Destroy
                2 [Instance] = Slider
                3 [function] = Reconnect
                4 [function] = Update
                5 [function] = Disconnect
                6 [table] (Recursive table detected)
                7 [function] = Set
                8 [function] = SetRange
                9 [table] (Recursive table detected)
                10 [function] = new
            23 [table]:
            Timer [table] table: 0xe533b6d216ce50a1
                1 [table]:
                Connected [table] table: 0xded0c958a5bc4611
                    1 [table]:
                    1 [table] table: 0x4ba1b1b82ec94291
                        1 [function] = RandomTip
                        2 [number] = 2455.832992064985
                        3 [table]:
                        Args [table] table: 0x54c4f97dbd5bd401
                        4 [number] = 1779791991.3704755
                        5 [number] = 300
                    2 [table]:
                    2 [table] table: 0x95edf6dc7b6995d1
                        1 [function] = Update
                        2 [number] = 2562.6403676679743
                        3 [table]:
                        Args [table] table: 0x8442b45e6126dfc1
                        4 [number] = 1779791991.4432101
                        5 [number] = 15
                    3 [table]:
                    3 [table] table: 0x821ed3d5639978e1
                        1 [function] = CheckPerformance
                        2 [number] = 2564.1801337419497
                        3 [table]:
                        Args [table] table: 0x972e0c1a4aaabed1
                        4 [number] = 1779791991.5468025
                        5 [number] = 2
                    4 [table]:
                    4 [table] table: 0xd8c101daf95178c1
                        1 [function] = UpdateOffStepped
                        2 [number] = 2564.6736980250425
                        3 [table]:
                        Args [table] table: 0xe262dcc7e3c136b1
                        4 [number] = 1779791991.5471377
                        5 [number] = 0.25
                    5 [table]:
                    5 [table] table: 0x2891d12d4feecaf1
                        1 [function] = UpdateTargetStatusFrame
                        2 [number] = 2564.8196186800255
                        3 [table]:
                        Args [table] table: 0x539e9a083d5c7ae1
                        4 [number] = 1779791992.4270353
                        5 [number] = 0.1
                    6 [table]:
                    6 [table] table: 0x77ee4523aace3cd1
                        1 [function] = ResetIgnorelist
                        2 [number] = 2517.225677966
                        3 [table]:
                        Args [table] table: 0x437e00450330f6c1
                        4 [number] = 1779791992.4270368
                        5 [number] = 60
                    7 [table]:
                    7 [table] table: 0x0cf394e78dd9ad81
                        1 [function] = UpdateTimer
                        2 [number] = 2563.8860237280487
                        3 [table]:
                        Args [table] table: 0xf578db38fc6b63f1
                        4 [number] = 1779791992.450484
                        5 [number] = 1
                    8 [table]:
                    8 [table] table: 0x70cef715b35b78b1
                        1 [function] = Check
                        2 [number] = 2517.225677966
                        3 [table]:
                        Args [table] table: 0xa8bf360725c8b521
                        4 [number] = 1779791992.471345
                        5 [number] = 60
                    9 [table]:
                    9 [table] table: 0x283802f4b505eba1
                        1 [function] = ClearPropertyCache
                        2 [number] = 2561.8452304659913
                        3 [table]:
                        Args [table] table: 0x2f244b290b32a511
                        4 [number] = 1779791992.4732368
                        5 [number] = 5
                    10 [table]:
                    10 [table] table: 0xf06e975e8d5202a1
                        1 [function] = UpdateTimers
                        2 [number] = 2563.8860237280487
                        3 [table]:
                        Args [table] table: 0xd8fe506063cc1411
                        4 [number] = 1779792013.2657545
                        5 [number] = 1
                    11 [table]:
                    11 [table] table: 0xea8c6dde03a28ce1
                        1 [function] = Step
                        2 [number] = 2563.8860237280487
                        3 [table]:
                        Args [table] table: 0x10b82d53686d82d1
                        4 [number] = 1779792013.4543872
                        5 [number] = 1
                2 [function] = Disconnect
                3 [table] (Recursive table detected)
                4 [function] = Step
                5 [function] = Connect
            24 [table] (Recursive table detected)
            25 [table]:
            Sequence [table] table: 0x9af6dd5b07c79411
